Bayes Trainingsstunde Output:

SNP's = 101
Patients = 500


 all Values are in percent %


 ______________|_____k_0_|_____k_1_|_____k_2_|_____k_3_|_____k_4_|_____k_5_|_____k_6_|_____k_7_|_____k_8_|_____k_9_| |__K_MIN__|K_AVERAGE|__K_MAX__|
 Accuracy      |        0|       50|       50|       48|       54|       46|       62|       54|       54|       40| |        0|     45.8|       62|
 Sensitivity   |        0|    52.94|    54.29|       50|    46.88|    36.36|    67.74|       50|    55.88|    42.86| |        0|    45.69|    67.74|
 Specificity   |        0|    43.75|       40|    41.67|    66.67|    64.71|    52.63|    61.11|       50|    33.33| |        0|    45.39|    66.67|
 Precision     |        0|    30.43|    27.27|    20.83|    41.38|    34.38|       50|    40.74|    34.78|       20| |        0|    29.98|       50|
 F1Score       |        0|    38.65|    36.31|    29.41|    43.96|    35.34|    57.53|     44.9|    42.88|    27.27| |        0|    35.62|    57.53|
 Average       |       80|       80|       80|       80|       80|       80|       80|       80|       80|       80| |       80|       80|       80|
 St. Deviation |       15|       15|       15|       15|       15|       15|       15|       15|       15|       15| |       15|       15|       15|
