SNP Output: (SNP's <= 0.05)

F = Fraction of Information 
P = P-Value

Result significance :=   32 / 101 SNP's 

______SNP_|___P-Value_|____Ref F_
        1 |     0.001 |   0.01525
        4 |     0.012 |  0.008546
        6 |     0.001 |    0.4701
       10 |     0.001 |      0.14
       11 |     0.002 |   0.01215
       15 |     0.049 |  0.005281
       20 |     0.001 |    0.1884
       22 |     0.036 |  0.006552
       26 |     0.042 |  0.005824
       28 |     0.034 |  0.006585
       30 |     0.001 |    0.2031
       32 |     0.023 |  0.007481
       37 |     0.001 |    0.0176
       40 |     0.001 |    0.2102
       41 |     0.038 |  0.006211
       43 |     0.003 |  0.009962
       47 |     0.003 |   0.01465
       48 |     0.018 |  0.007811
       50 |     0.001 |    0.1495
       55 |     0.041 |  0.006252
       56 |     0.007 |  0.008832
       59 |     0.001 |   0.01351
       66 |     0.042 |  0.005819
       73 |     0.002 |   0.01308
       74 |     0.049 |  0.005751
       78 |     0.007 |   0.01012
       85 |     0.001 |    0.0205
       86 |      0.02 |  0.006678
       93 |     0.049 |  0.005709
       94 |     0.001 |         1
       98 |     0.001 |   0.01305
      100 |     0.002 |   0.07187


Result Adjustment   :=  0 / 101 SNP's 

______SNP_|___P-Value_|____Ref F_
