Bayes Trainingsstunde Output:

SNP's = 2001
Patients = 1000


 all Values are in percent %


 ______________|_____k_0_|_____k_1_|_____k_2_|_____k_3_|_____k_4_|_____k_5_|_____k_6_|_____k_7_|_____k_8_|_____k_9_| |__K_MIN__|K_AVERAGE|__K_MAX__|
 Accuracy      |       48|       59|       49|       51|       60|       47|       55|       44|       44|       53| |       44|       51|       60|
 Sensitivity   |       48|       59|       49|       51|       60|       47|       55|       44|       44|       53| |       44|       51|       60|
 Specificity   |        0|        0|        0|        0|        0|        0|        0|        0|        0|        0| |        0|        0|        0|
 Precision     |        0|        0|        0|        0|        0|        0|        0|        0|        0|        0| |        0|        0|        0|
 F1Score       |        0|        0|        0|        0|        0|        0|        0|        0|        0|        0| |        0|        0|        0|
 Average       |       80|       80|       80|       80|       80|       80|       80|       80|       80|       80| |       80|       80|       80|
 St. Deviation |       15|       15|       15|       15|       15|       15|       15|       15|       15|       15| |       15|       15|       15|
